n=24246549375724933654499279
b=357138349
p=3029472534259
q=8003554777781
5775200426373044649972530
13831793784573514333702717
11850468705854978563656670
6087810342289925790816027
19435544593014956502584477
24067191030380993517952913
704457827048986335616017
15408157168930018863253489
16403071578031017208538802
19249843200079250648217742
13604491437119363764887010
1269492210609001614244804
15924122855423504459634645
13545995896013044865373154
5758920166048069440397032
1614406565050571176506381
6468766631148579864788760
12203000661172413260104222
4754770215226915685982190
22025390891511636620071380
21679705403520834491657255
20424534739835286319623846
14790086272031427384977162
16983931237416221591872678
15519027493123937669598724
12334646812076186486961370
23797679292999437964221725
10593520014044095468317393
9806110723466806665120267
