n=22948288090882637827551302260361732184423659315857044283148889044591167617812743762693702909
b=10435733847851623629448058676683403047996735446407327640802538255018657950473929330040336155
p=2577030773300010453665537724988958390877393737
q=8904933665769254141002975302442633544151412757
11763449526244677579434449707029586226940681000371281161061906847271075219303337372633395934
5818392000930357274318746546628781771021278741540014031854759638551737408506526548240383511
13634147950568157506997508092357737897738652556250809747639003557865333248436978064577205349
17640720060358454934626959306496344527823913161179507888073861028667549621250036779610776275
15598027029955293457680651599659379545749464495565158755315833596710624723652464608958586410
3228581458784400493784083758996812094836682259975641947685249422353894604754863548311188784
11352342316553658062372185662911048990250134681808097403205744662519684429491832683724513039
3235378674794094609699793231044384966861396794839024948844572597861146730233182486830682683
2489814701771114148521501606624596222892027689084681532997837030571358645872520951657169702
6998656789192769857516152719027778964644434271577697620694735265684890196756136587835504236
22797913102806138001707880385808102315826827188677031502119682483259391192797150902795797414
13721313983300654306992324303925138490225624801224164716012865805332668829241113752276274976
1620068618106082910409687327177981720090837764124219180669967166918227186366853823897128283
12454019969940839807941125845551364529955755516276729400705344475878144885704995885353625260
17291137375252603520756091771634848319814978424775199292804608306856665309910123355209987133
8973052805810093435524379220215712078311851887013399651466296575066861333827013988579928357
21715887858195052014590626369599395267172006586750915334246635231094529881092046697954218352
19627061736361156996258601621530325456650878104561299414058166329093335855010256973215703054
14823493966759694173489154094561735088339351467786300952379946446645149783449233645629623039
12126960576464075328264015374347753306036168628200745954883499446309084003155555861456514083
15681416325153389312873182990616582722570025827909510059252852839656077621534718431911204050
15960431229970168189816317057773211572847348658004588457397072808591768432213240090841130695
13656069630546879322364911726957071894819616328626419721534439915145143911731216595367507881
2052659084294017468145150437067406324497838346980249421476554821332624962144501244099866000
14283571889666088180119736743940983304156482961509893842490996915612090703609532832835984644
